84
104
101
32
80
114
111
106
101
99
116
32
71
117
116
101
110
98
101
114
103
32
69
66
111
111
107
32
111
102
32
256
258
65
100
118
271
116
117
114
101
115
283
285
83
257
114
108
111
99
282
72
111
108
109
296
98
121
32
83
105
114
32
65
114
116
104
294
32
67
111
110
97
110
32
68
111
121
108
101
40
35
49
53
32
105
329
111
323
115
274
105
296
32
312
314
316
318
320
322
317
325
327
329
331
333
101
41
325
112
121
114
105
103
104
266
108
97
119
297
97
295
32
99
104
328
103
341
276
97
108
108
283
291
317
321
258
119
111
302
100
46
32
66
258
115
294
258
116
111
378
257
305
32
391
99
111
365
367
369
371
373
297
102
394
32
121
343
317
411
117
110
116
114
313
273
419
377
100
111
119
110
303
97
100
383
283
317
295
440
115
428
105
98
269
383
321
105
297
420
328
313
111
391
317
260
262
264
266
268
270
272
274
276
101
279
281
46
256
453
32
257
439
274
32
115
104
343
108
100
349
403
257
32
102
316
446
409
104
441
345
271
32
119
257
329
118
347
119
441
452
297
461
263
265
465
271
273
275
489
105
334
397
259
334
97
345
32
434
32
110
458
32
295
109
111
291
340
116
518
331
525
527
379
381
258
420
101
440
266
391
477
100
479
504
321
343
266
119
367
116
466
32
112
274
109
453
115
105
326
46
80
520
522
295
439
493
258
34
334
103
385
480
109
385
387
112
367
427
44
34
32
328
485
458
301
340
110
432
579
116
564
329
97
98
552
572
470
280
282
588
259
261
509
464
269
512
468
587
545
488
600
556
111
109
298
493
475
490
517
32
32
73
110
99
108
117
548
485
453
105
109
112
394
116
328
266
341
594
97
596
326
587
600
269
421
423
480
559
99
105
490
99
528
368
370
375
110
485
295
446
367
265
597
297
341
482
119
572
515
334
32
579
430
258
117
345
396
626
89
343
378
328
587
108
115
405
490
663
283
650
599
601
672
409
405
579
107
258
439
326
645
597
700
607
462
265
267
611
467
275
44
587
694
699
404
32
103
101
642
110
118
308
291
396
